"","baseMean","log2FoldChange","lfcSE","stat","pvalue","padj"
"LOC568664",157.664524657885,-3.60439110679837,0.3649506412495,-9.8763797056441,5.2702625324546e-23,9.9423502674756e-19
"vwa7",71.392361302257,-2.74147487304077,0.359325142011232,-7.62951030283062,2.35647099889442e-14,2.22274126970716e-10
"LOC569265",104.824984516964,-2.63989987417467,0.427725520474811,-6.17194847584536,6.74534844741576e-10,1.81787140657855e-06
"LOC103911912",195.381024718506,-2.44185273333413,0.332317101144597,-7.34795990011852,2.01254851738197e-13,1.26555759268036e-09
"si:dkey-262g12.3_1",49.019360387893,2.13702954894814,0.398405518541409,5.36395569210977,8.1418883879762e-08,0.000141052180086166
"ndst1a",205.082478240876,2.11970501908796,0.33589943231511,6.31053468735681,2.78073077706238e-10,1.31146215273205e-06
"si:dkey-262g12.3",47.5762709775207,1.87885607588934,0.372973868041634,5.03750057813597,4.7165013683697e-07,0.000523392931260555
"mhc1zja",157.699805900937,-1.84919882161877,0.436750797904929,-4.23399071161238,2.29580430492887e-05,0.010072174002903
"si:rp71-36a1.3",103.841354042195,-1.80283036415602,0.290305047592355,-6.21012407158536,5.29427839453254e-10,1.81787140657855e-06
"si:dkey-253d23.10",56.0326272708466,-1.76250975399566,0.365250483470626,-4.82548232995673,1.39664847908507e-06,0.00146376519766332
"fosab",331.666961082104,1.72033069718877,0.27766661238166,6.19566998867019,5.80376161943435e-10,1.81787140657855e-06
"hbl2_1",39.7623235634055,-1.66660623367006,0.418519577858942,-3.98214640805113,6.82956857085247e-05,0.0198956615195837
"hsp70.1",145.72470281922,1.65448760030065,0.421359304999768,3.92654815182391,8.61736472419395e-05,0.0219831240292463
"slc7a4",158.430105315142,-1.64520426555482,0.394523050728678,-4.17010935740296,3.04453509569823e-05,0.012220245655393
"hbl2",38.5081755337042,-1.64062776748342,0.431855707407384,-3.79901837429177,0.000145270323308009,0.0315002833242022
"dlgap1b",56.921194629064,-1.62752418380719,0.377902597544891,-4.30672928521973,1.65686177597673e-05,0.00822899064541759
"zgc:122979",1402.62108034635,1.51100014449487,0.32827247164473,4.60288411307949,4.16680106930497e-06,0.00341768270314949
"lcor",217.997087211649,-1.5050268612654,0.280677039298374,-5.36213031542448,8.22461691464523e-08,0.000141052180086166
"si:ch211-239f4.1",90.3150199899721,-1.49660950696193,0.361801965992916,-4.13654332378955,3.52576812354761e-05,0.0135742072756583
"angptl4",320.572532602243,-1.49323652949036,0.346039555097718,-4.31521919240904,1.59444615705804e-05,0.00822899064541759
"LOC103909675_1",51.5308097172815,1.47915396289454,0.376721335960939,3.92638754882709,8.62311782753368e-05,0.0219831240292463
"pdk4",84.1924599306717,-1.47347263703892,0.389593325505423,-3.78207874872437,0.000155524141477297,0.0329658756063956
"mcf2l2",81.074292760034,-1.46950691609582,0.348537317683668,-4.21621112442698,2.48441181408802e-05,0.0106519156529024
"LOC103911631",48.0179804917743,-1.46282480280132,0.379859044773345,-3.85096741259421,0.000117652154870707,0.0292040513373144
"pxnb",47.113250173958,-1.44858970480527,0.391348127164378,-3.70153733787213,0.000214297113376809,0.0416774746789022
"egr4",749.778389252125,1.43764655712488,0.252246236330627,5.69937763210275,1.20245599307831e-08,2.52048136771359e-05
"atxn1l",46.6759517242529,-1.39318694570823,0.365253200484077,-3.81430455328473,0.000136566968123402,0.0302113345231072
"cpne5b",116.161452763867,-1.3533325202606,0.330445777643301,-4.09547529979775,4.21303145832591e-05,0.0147183034187626
"LOC110438457",83.6922357291095,1.33277413503391,0.295672987973625,4.50759517860588,6.55665214229949e-06,0.00475832555463961
"ak7a",123.715563783259,1.29959956025183,0.288316049966694,4.50755190493889,6.55798910260428e-06,0.00475832555463961
"npas4b",256.762107097055,1.28972907956208,0.24230550981714,5.32273938192902,1.02216139600624e-07,0.000148331344120444
"ier2a",128.117537484682,1.23762310723534,0.276150234033739,4.48170218492058,7.40500323199604e-06,0.00497471671672253
"rorcb",160.832997813596,-1.2344936718893,0.279889886112612,-4.41064051665164,1.03065298638816e-05,0.00589189957218562
"zmp:0000001168",152.707591245564,-1.21231890609559,0.290358305329998,-4.17525134925198,2.97657219011704e-05,0.0122071813840343
"cacnb3a_1",86.7363388214577,-1.19880979050723,0.296720354658546,-4.04020071992286,5.34054753499738e-05,0.0167915715412876
"chico",87.0028636861547,-1.19413031975355,0.276957211967612,-4.31160579379748,1.62073195511411e-05,0.00822899064541759
"ncanb",171.114660086248,-1.1915544667523,0.280727887694894,-4.24451762358334,2.19064151320831e-05,0.00983963146349398
"cacnb3a_2",84.46015359063,-1.18789862138835,0.293686704904682,-4.04478174037158,5.23718923081661e-05,0.0167456906507382
"egr2a",141.853893467759,1.18560486983929,0.314485516629788,3.76998242254501,0.000163259045302661,0.0342209098848299
"crfb1",75.2659443072357,-1.18173946052233,0.28648966769007,-4.12489382270063,3.70905825729814e-05,0.0136245905953359
"magi2b_1",76.0507779142425,-1.16898053110925,0.291180615833738,-4.01462345892122,5.95407717767786e-05,0.0181167203156279
"cacna2d2a",187.181016506136,-1.16682068481854,0.19448643107401,-5.9994966146225,1.97930155794477e-09,4.66744048632852e-06
"slc38a3a_1",88.7066431930088,-1.16190555662557,0.281773463001329,-4.12354500757259,3.73085518345601e-05,0.0136245905953359
"srgap3",206.99838644613,-1.15857085001792,0.318798307392177,-3.63418130885079,0.000278864714822873,0.0496300268408821
"trim67",65.0861406468907,-1.15529216372655,0.311548719635523,-3.70822311540267,0.000208718716734278,0.041015401991585
"crfb1_1",71.4500677043702,-1.13947360330124,0.287657878910764,-3.96121117076973,7.45705461276951e-05,0.0203880196043329
"crfb1_2",71.4500677043702,-1.13947360330124,0.287657878910764,-3.96121117076973,7.45705461276951e-05,0.0203880196043329
"mboat2a",78.4805844640521,-1.13468526721945,0.297477317619409,-3.81435894440584,0.000136536895912829,0.0302113345231072
"magixa_1",186.479526488544,-1.12523514445009,0.253235817017308,-4.44342809679715,8.85367536930833e-06,0.00521951830756255
"magixa_2",238.487019862778,-1.11948448429798,0.218672821103776,-5.11944958979013,3.06428661760785e-07,0.000385385113607814
"dnmt3aa",193.31643167523,-1.09523156844023,0.2159534017802,-5.07161063179254,3.94462837488419e-07,0.00046509633932619
"slc38a3a",97.2077982134541,-1.0835251612662,0.289388265626555,-3.74419176575893,0.00018097539558094,0.0367107616949938
"arid4b",140.267529650608,-1.06850122539198,0.259217377235934,-4.1220277621259,3.75551927356196e-05,0.0136245905953359
"btg2",320.371401302725,1.06475711116372,0.199340416481348,5.34140105633497,9.22309523133244e-08,0.000144994742949239
"egr1_1",1610.08686137721,1.0596507240932,0.204307303041512,5.18655333567736,2.14221692355511e-07,0.000288663730449051
"si:ch73-374l24.1",166.553660481587,-1.05563146913274,0.276597167075061,-3.81649414668905,0.000135361284894615,0.0302113345231072
"LOC101884367",166.783514626929,-1.0470050334004,0.245774311016566,-4.26002631873854,2.04402833489852e-05,0.00940502305801479
"LOC797711",391.423736074668,1.04360254862569,0.233594713748773,4.46757776268885,7.91102578858605e-06,0.00497471671672253
"cacnb3a",117.253936744226,-1.04291265556281,0.265191624472556,-3.93267569304677,8.40055386883617e-05,0.0219831240292463
