"","baseMean","log2FoldChange","lfcSE","stat","pvalue","padj"
"LOC110439441",836.690525974841,3.50586866539826,0.605914996362154,5.78607343678092,7.20507252695989e-09,1.98841989062776e-05
"acss1",2741.37589469779,-3.44413424713174,0.613594923129073,-5.61304228132808,1.98799998405043e-08,3.65758863732212e-05
"gls2b",397.647051783981,-3.43574546896831,0.448094806222853,-7.66745211338067,1.75446490690024e-14,1.93675381072717e-10
"LOC101884617",13812.9328074111,3.39038626792718,0.655041614119602,5.17583340485012,2.26895852474335e-07,0.000220659377271242
"acss1_1",1296.53971276391,-3.38909838379434,0.628807358342436,-5.3897244344089,7.05658032756272e-08,9.73719877949561e-05
"LOC110438638_1",760.508918864278,3.38104936307388,0.616444168615725,5.48476169490953,4.14027159978893e-08,6.52920831286714e-05
"LOC110438439",32608.2920268284,3.3252925610258,0.641154347945218,5.18641505229239,2.14380741807481e-07,0.000220659377271242
"LOC110439626",2698.43945144448,3.2968775578541,0.691570672038822,4.76723159490637,1.867745700271e-06,0.00103090223926458
"LOC110438638",739.879781348167,3.2879152136462,0.636095910228987,5.16889852736609,2.35477701155471e-07,0.000220659377271242
"zgc:158463",75704.2429916765,3.26225617579484,0.633897138580006,5.14634942682123,2.6560447124641e-07,0.000225539058314548
"LOC110439371",2689.62218554191,3.24321423819871,0.686533536173044,4.72404342587168,2.31201013189292e-06,0.00121534665933171
"LOC110439372",1739.90928527184,3.23873707112469,0.671797941386121,4.82099880276829,1.42841214730781e-06,0.000889176645844967
"LOC110439627",937.251957959505,3.21684512251449,0.630271474988182,5.10390403210745,3.32717047451173e-07,0.00026234739191525
"LOC101885394",1805.64651867829,3.21105628941294,0.659491447884526,4.86898852094771,1.12170922774572e-06,0.000773909260317816
"LOC110439370",1026.4178903775,3.19471008289893,0.664564786478066,4.80722142957596,1.53042451952662e-06,0.000889176645844967
"LOC110439369",1017.89639412634,3.15803004063728,0.692510140346331,4.56026541222619,5.10890069821585e-06,0.00208878351139277
"aspm",109.955008581353,3.15394473804599,0.442721892782784,7.12398638843331,1.04849402940199e-12,5.78716279528429e-09
"LOC110438492",189.612885941983,3.15170382579129,0.551975029817993,5.70986667065453,1.13064713767878e-08,2.4962427505672e-05
"aclya",4485.09596022285,-3.15051423480785,0.72596421800761,-4.33976517941112,1.42635050777335e-05,0.0050791881468742
"LOC110439625",1008.14790701767,3.11652436147445,0.676478149921609,4.60698451507353,4.08550413088718e-06,0.00187916167086932
"aspm_1",148.24341569119,2.87472873043487,0.436818987200334,6.58105259768954,4.67129282450426e-11,1.71888004965675e-07
"LOC100536983",932.152832315827,-2.79565654164328,0.581258857109808,-4.80965839478836,1.51188451166042e-06,0.000889176645844967
"me1",4647.48262347334,-2.73412072520018,0.58671891472227,-4.66001803690683,3.16181676045006e-06,0.00157830125565814
"glula",1589.87845489242,2.7310120407388,0.528708094892306,5.16544397016483,2.39868876461175e-07,0.000220659377271242
"myca",185.675391906826,-2.71962314781025,0.633116289062286,-4.29561392558437,1.74210541630709e-05,0.00582760657291331
"LOC100331492",1891.94013025048,2.4930425473918,0.560337821171798,4.449177716004,8.61996703138553e-06,0.00328123503653327
"LOC101882012",2163.03905803535,-2.49078045073904,0.633085159707047,-3.93435292637663,8.34211308468913e-05,0.0214159503120659
"g0s2",591.127466276728,-2.44066334339896,0.558486229535183,-4.37014059492618,1.24166564685961e-05,0.00456891569189439
"mid1ip1l",134.914153992276,2.42496112255636,0.479334053179586,5.05902117003949,4.21414083810623e-07,0.000310132671412365
"glod5",289.675543056356,-2.37588609573328,0.517563929087545,-4.59051715586501,4.42149111334439e-06,0.00195235361600835
"dst",543.70090103013,-2.34701662127019,0.630932124529759,-3.71991935427198,0.000199286401252368,0.0427174840293107
"prkacab",64.6019958082534,2.31817411021914,0.509759434685344,4.5475845123888,5.42651319673058e-06,0.00213940282781103
"elovl5",328.300466597872,-2.22060116954528,0.477350501738371,-4.65193010473122,3.28842548058132e-06,0.00157830125565814
"cds1_1",496.573187965451,-2.19492880151215,0.53268043870591,-4.12053576970931,3.77992374367731e-05,0.0109806784753826
"cds1",485.500227785679,-2.18854392395542,0.479609871433377,-4.56317531041358,5.0385707326819e-06,0.00208878351139277
"pklr",24910.4200518743,1.96025312260104,0.475461353251792,4.12284428417663,3.74222685534736e-05,0.0109806784753826
"apoa4b.1",17627.6747669176,-1.91576227629403,0.47227926931336,-4.05641831173181,4.98309794475553e-05,0.0130972424314658
"sesn1",620.370864886825,1.8637541012741,0.454815117486043,4.09782795166498,4.17045065068397e-05,0.0115880789262369
"nfil3-2",453.657795507282,-1.79407071689225,0.47616495154296,-3.767750463529,0.00016472523826046,0.0378833730241087
"fblim1",296.358927634009,1.78307097905208,0.435604413046644,4.09332625117631,4.25228742827467e-05,0.0115880789262369
"amy2a",277.354382345786,-1.70384938666966,0.448226408087868,-3.80131414821871,0.000143930677734925,0.0338053351386349
"malt3_2",130.186915621216,-1.69087436159331,0.392025971745645,-4.31316923739529,1.60930832890657e-05,0.00555161082587488
"cpox",65.0002011207162,1.60909771519574,0.377929658788706,4.25766456211196,2.06573591532787e-05,0.00670695846156009
"btg2",67.2991118905888,1.59755229993979,0.390549223908497,4.09052739614222,4.30393365319062e-05,0.0115880789262369
"si:ch211-107o10.3_1",479.658700423443,1.58319705656884,0.403568656212573,3.92299310711314,8.74556543518242e-05,0.0219414310997679
"c3a.3",13540.0296184203,1.57885203391773,0.422343355701162,3.73831389225141,0.000185258556711925,0.0409013841508588
"mat2aa",1235.77247737479,-1.41664202724823,0.370384033382842,-3.82479237646819,0.000130882339187417,0.0314089161367368
"pbldp_1",346.630597363694,1.34267619519131,0.357689130346293,3.75375173937048,0.000174207406527938,0.0392464400135084
"xpo1b",104.83568373728,-1.28561707714958,0.329878667697141,-3.89724223795489,9.72942890711018e-05,0.0238673701567976
"LOC559907_1",470.932074961957,-1.28420272784236,0.307617000887908,-4.17468060651924,2.98404407392602e-05,0.00941167500916267
"LOC559907",470.725146872549,-1.28331251063829,0.307924144483629,-4.16762548058819,3.07789087720117e-05,0.00943801038706214
"derl3",250.433564740983,-1.20402365169183,0.323882097663676,-3.71747515647533,0.000201223767508303,0.0427174840293107
